   1.0000000e+00   3.3000000e+01   0.0000000e+00   1.3200000e+02   9.2266205e+01   1.0000000e+00   9.0000000e+01   8.0000000e-01   1.0000000e+00   0.0000000e+00
   1.0000000e+00   6.9000000e+01   0.0000000e+00   1.4700000e+02   5.4178624e+01   0.0000000e+00   5.2000000e+01   1.4000000e+00   1.0000000e+00   0.0000000e+00
   1.0000000e+00   6.3000000e+01   0.0000000e+00   1.4200000e+02   4.1364843e+01   1.0000000e+00   4.4000000e+01   1.1000000e+00   3.0000000e+00   1.0000000e+00
   0.0000000e+00   7.9000000e+01   0.0000000e+00   1.4700000e+02   1.0737900e+02   1.0000000e+00   1.1000000e+02   9.0000000e-01   1.0000000e+00   1.0000000e+00
   0.0000000e+00   6.1000000e+01   0.0000000e+00   1.0700000e+02   8.3224808e+01   0.0000000e+00   8.0000000e+01   1.1000000e+00   1.0000000e+00   0.0000000e+00
   1.0000000e+00   6.1000000e+01   0.0000000e+00   8.9000000e+01   7.1101620e+01   0.0000000e+00   7.0000000e+01   1.3000000e+00   1.0000000e+00   0.0000000e+00
   0.0000000e+00   4.6000000e+01   0.0000000e+00   1.0300000e+02   8.9786504e+01   0.0000000e+00   8.9000000e+01   9.0000000e-01   1.0000000e+00   0.0000000e+00
   0.0000000e+00   7.1000000e+01   1.0000000e+00   1.0000000e+02   6.9969291e+01   1.0000000e+00   7.4000000e+01   1.3000000e+00   1.0000000e+00   1.0000000e+00
   1.0000000e+00   4.4000000e+01   0.0000000e+00   1.3500000e+02   7.6576887e+01   0.0000000e+00   7.3000000e+01   9.0000000e-01   1.0000000e+00   0.0000000e+00
   1.0000000e+00   5.4000000e+01   0.0000000e+00   1.1200000e+02   6.8870364e+01   0.0000000e+00   7.1000000e+01   1.4000000e+00   3.0000000e+00   1.0000000e+00
   1.0000000e+00   6.8000000e+01   0.0000000e+00   1.4200000e+02   7.6365584e+01   0.0000000e+00   7.5000000e+01   7.5000000e+00   1.0000000e+00   0.0000000e+00
   1.0000000e+00   4.0000000e+01   0.0000000e+00   1.0200000e+02   7.9029187e+01   0.0000000e+00   7.6000000e+01   1.1000000e+00   1.0000000e+00   0.0000000e+00
   1.0000000e+00   5.2000000e+01   0.0000000e+00   1.2200000e+02   8.0676269e+01   0.0000000e+00   8.0000000e+01   9.0000000e-01   1.0000000e+00   0.0000000e+00
   1.0000000e+00   5.7000000e+01   1.0000000e+00   1.2200000e+02   5.7885179e+01   0.0000000e+00   5.7000000e+01   1.2000000e+00   1.0000000e+00   0.0000000e+00
   1.0000000e+00   6.9000000e+01   0.0000000e+00   1.5000000e+02   8.6640206e+01   1.0000000e+00   8.8000000e+01   2.1000000e+00   1.0000000e+00   1.0000000e+00
   1.0000000e+00   5.8000000e+01   0.0000000e+00   1.1300000e+02   6.5793753e+01   1.0000000e+00   7.0000000e+01   1.2000000e+00   1.0000000e+00   1.0000000e+00
   1.0000000e+00   6.2000000e+01   0.0000000e+00   1.3800000e+02   6.2961092e+01   1.0000000e+00   6.7000000e+01   9.0000000e-01   2.0000000e+00   1.0000000e+00
   1.0000000e+00   8.6000000e+01   0.0000000e+00   8.2000000e+01   6.1635532e+01   0.0000000e+00   6.5000000e+01   8.0000000e-01   1.0000000e+00   1.0000000e+00
   0.0000000e+00   7.4000000e+01   0.0000000e+00   1.1400000e+02   8.6520224e+01   0.0000000e+00   8.3000000e+01   9.0000000e-01   1.0000000e+00   0.0000000e+00
   1.0000000e+00   5.7000000e+01   0.0000000e+00   1.3000000e+02   8.2358723e+01   1.0000000e+00   8.6000000e+01   9.0000000e-01   2.0000000e+00   1.0000000e+00
   1.0000000e+00   7.0000000e+01   0.0000000e+00   1.4400000e+02   5.2387193e+01   1.0000000e+00   5.5000000e+01   1.2000000e+00   1.0000000e+00   1.0000000e+00
   1.0000000e+00   8.7000000e+01   0.0000000e+00   1.4000000e+02   1.0625015e+02   1.0000000e+00   1.0900000e+02   1.5000000e+00   2.0000000e+00   1.0000000e+00
   1.0000000e+00   6.0000000e+01   1.0000000e+00   1.3200000e+02   6.2741008e+01   0.0000000e+00   6.0000000e+01   1.0000000e+00   1.0000000e+00   0.0000000e+00
   1.0000000e+00   5.7000000e+01   0.0000000e+00   1.0800000e+02   7.3826425e+01   1.0000000e+00   7.2000000e+01   1.2000000e+00   1.0000000e+00   0.0000000e+00
   1.0000000e+00   5.0000000e+01   0.0000000e+00   1.3800000e+02   6.9480648e+01   1.0000000e+00   6.6000000e+01   1.4000000e+00   1.0000000e+00   0.0000000e+00
   1.0000000e+00   6.6000000e+01   0.0000000e+00   1.3700000e+02   5.8096329e+01   1.0000000e+00   6.0000000e+01   1.0000000e+00   1.0000000e+00   1.0000000e+00
   1.0000000e+00   4.8000000e+01   0.0000000e+00   8.2000000e+01   6.4152833e+01   1.0000000e+00   6.1000000e+01   1.0000000e+00   1.0000000e+00   0.0000000e+00
   0.0000000e+00   7.2000000e+01   0.0000000e+00   1.8000000e+02   7.6902874e+01   0.0000000e+00   7.5000000e+01   9.0000000e-01   1.0000000e+00   0.0000000e+00
   1.0000000e+00   8.0000000e+01   0.0000000e+00   1.1800000e+02   4.4715815e+01   1.0000000e+00   4.9000000e+01   1.2000000e+00   2.0000000e+00   1.0000000e+00
   1.0000000e+00   6.8000000e+01   0.0000000e+00   1.4000000e+02   1.3821180e+02   1.0000000e+00   1.4000000e+02   1.1000000e+00   1.0000000e+00   1.0000000e+00
   1.0000000e+00   6.5000000e+01   0.0000000e+00   1.3200000e+02   6.9194498e+01   0.0000000e+00   6.6000000e+01   1.1000000e+00   1.0000000e+00   0.0000000e+00
   1.0000000e+00   4.9000000e+01   0.0000000e+00   1.5200000e+02   9.2879309e+01   0.0000000e+00   9.0000000e+01   1.0000000e+00   1.0000000e+00   0.0000000e+00
   1.0000000e+00   4.4000000e+01   0.0000000e+00   7.7000000e+01   7.1500128e+01   0.0000000e+00   6.8000000e+01   1.2000000e+00   1.0000000e+00   0.0000000e+00
   1.0000000e+00   5.9000000e+01   0.0000000e+00   1.1400000e+02   6.9231912e+01   0.0000000e+00   6.6000000e+01   1.0000000e+00   1.0000000e+00   0.0000000e+00
   0.0000000e+00   7.2000000e+01   0.0000000e+00   1.6000000e+02   6.5497166e+01   0.0000000e+00   6.3000000e+01   1.0000000e+00   1.0000000e+00   0.0000000e+00
   1.0000000e+00   7.5000000e+01   0.0000000e+00   1.7000000e+02   5.9238900e+01   1.0000000e+00   5.7000000e+01   1.1000000e+00   1.0000000e+00   0.0000000e+00
   0.0000000e+00   6.7000000e+01   0.0000000e+00   1.4000000e+02   7.4169300e+01   1.0000000e+00   7.3000000e+01   1.1000000e+00   1.0000000e+00   0.0000000e+00
   1.0000000e+00   6.3000000e+01   0.0000000e+00   1.3900000e+02   7.8427318e+01   1.0000000e+00   8.2000000e+01   1.0000000e+00   1.0000000e+00   1.0000000e+00
   1.0000000e+00   8.1000000e+01   0.0000000e+00   1.5000000e+02   9.4088573e+01   0.0000000e+00   9.8000000e+01   1.5000000e+00   1.0000000e+00   1.0000000e+00
   1.0000000e+00   6.9000000e+01   0.0000000e+00   1.5100000e+02   1.0250940e+02   1.0000000e+00   1.0000000e+02   1.2000000e+00   1.0000000e+00   0.0000000e+00
   1.0000000e+00   6.8000000e+01   0.0000000e+00   1.3600000e+02   7.9851681e+01   1.0000000e+00   8.2000000e+01   8.0000000e-01   1.0000000e+00   1.0000000e+00
   0.0000000e+00   7.1000000e+01   1.0000000e+00   1.4000000e+02   7.1715725e+01   1.0000000e+00   7.5000000e+01   1.2000000e+00   1.0000000e+00   1.0000000e+00
   1.0000000e+00   5.9000000e+01   1.0000000e+00   1.5300000e+02   7.7886913e+01   1.0000000e+00   7.7000000e+01   7.0000000e-01   1.0000000e+00   0.0000000e+00
   1.0000000e+00   7.6000000e+01   0.0000000e+00   1.2600000e+02   7.9124660e+01   0.0000000e+00   7.7000000e+01   1.4000000e+00   1.0000000e+00   0.0000000e+00
   1.0000000e+00   5.4000000e+01   0.0000000e+00   1.1700000e+02   7.0068113e+01   1.0000000e+00   6.8000000e+01   6.0000000e-01   1.0000000e+00   0.0000000e+00
   1.0000000e+00   7.6000000e+01   0.0000000e+00   1.3000000e+02   5.1435839e+01   0.0000000e+00   4.8000000e+01   1.0000000e+00   1.0000000e+00   0.0000000e+00
   1.0000000e+00   5.6000000e+01   0.0000000e+00   1.2900000e+02   5.2741997e+01   1.0000000e+00   5.2000000e+01   8.0000000e-01   1.0000000e+00   0.0000000e+00
   1.0000000e+00   8.1000000e+01   0.0000000e+00   1.6200000e+02   5.7592779e+01   1.0000000e+00   6.1000000e+01   1.1000000e+00   1.0000000e+00   1.0000000e+00
   1.0000000e+00   4.6000000e+01   0.0000000e+00   1.2500000e+02   9.2767077e+01   1.0000000e+00   9.0000000e+01   1.1000000e+00   1.0000000e+00   0.0000000e+00
   1.0000000e+00   6.0000000e+01   0.0000000e+00   7.8000000e+01   5.7329090e+01   0.0000000e+00   5.6000000e+01   1.3000000e+00   1.0000000e+00   0.0000000e+00
   1.0000000e+00   6.5000000e+01   0.0000000e+00   1.2800000e+02   4.0016937e+01   1.0000000e+00   4.4000000e+01   1.3000000e+00   1.0000000e+00   1.0000000e+00
   1.0000000e+00   4.7000000e+01   0.0000000e+00   1.6500000e+02   7.0169310e+01   1.0000000e+00   6.9000000e+01   1.1000000e+00   1.0000000e+00   0.0000000e+00
   1.0000000e+00   8.0000000e+01   0.0000000e+00   1.4400000e+02   6.2887427e+01   0.0000000e+00   6.1000000e+01   1.2000000e+00   1.0000000e+00   0.0000000e+00
   1.0000000e+00   7.8000000e+01   1.0000000e+00   1.1800000e+02   5.3427209e+01   1.0000000e+00   5.7000000e+01   1.1000000e+00   1.0000000e+00   1.0000000e+00
   1.0000000e+00   5.6000000e+01   1.0000000e+00   1.2900000e+02   5.6952599e+01   0.0000000e+00   5.4000000e+01   1.0000000e+00   1.0000000e+00   0.0000000e+00
   1.0000000e+00   6.9000000e+01   0.0000000e+00   1.5200000e+02   7.1807181e+01   1.0000000e+00   7.0000000e+01   8.0000000e-01   1.0000000e+00   0.0000000e+00
   1.0000000e+00   7.8000000e+01   0.0000000e+00   1.8200000e+02   8.7521019e+01   1.0000000e+00   9.0000000e+01   1.0000000e+00   1.0000000e+00   1.0000000e+00
   1.0000000e+00   4.2000000e+01   1.0000000e+00   1.2400000e+02   8.9230793e+01   1.0000000e+00   8.7000000e+01   1.1000000e+00   1.0000000e+00   0.0000000e+00
   1.0000000e+00   8.1000000e+01   0.0000000e+00   1.2200000e+02   6.9372150e+01   0.0000000e+00   6.6000000e+01   1.4000000e+00   1.0000000e+00   0.0000000e+00
   1.0000000e+00   5.5000000e+01   0.0000000e+00   1.1800000e+02   7.8406575e+01   0.0000000e+00   7.5000000e+01   1.1000000e+00   1.0000000e+00   0.0000000e+00
   1.0000000e+00   6.3000000e+01   0.0000000e+00   9.6000000e+01   7.4765178e+01   0.0000000e+00   7.3000000e+01   1.4000000e+00   1.0000000e+00   0.0000000e+00
   1.0000000e+00   6.5000000e+01   1.0000000e+00   1.7000000e+02   6.7838541e+01   1.0000000e+00   7.0000000e+01   1.0000000e+01   1.0000000e+00   1.0000000e+00
   1.0000000e+00   6.1000000e+01   0.0000000e+00   1.2500000e+02   7.3201546e+01   1.0000000e+00   7.2000000e+01   1.1000000e+00   1.0000000e+00   0.0000000e+00
   1.0000000e+00   7.2000000e+01   0.0000000e+00   1.3200000e+02   6.3028446e+01   0.0000000e+00   6.0000000e+01   1.2000000e+00   1.0000000e+00   0.0000000e+00
   1.0000000e+00   6.6000000e+01   0.0000000e+00   1.2200000e+02   6.8462983e+01   1.0000000e+00   6.7000000e+01   1.4000000e+00   1.0000000e+00   0.0000000e+00
   1.0000000e+00   7.5000000e+01   0.0000000e+00   1.7200000e+02   8.3522139e+01   1.0000000e+00   8.7000000e+01   1.2000000e+00   1.0000000e+00   1.0000000e+00
   1.0000000e+00   6.8000000e+01   0.0000000e+00   1.6800000e+02   9.1264547e+01   1.0000000e+00   9.0000000e+01   8.0000000e-01   1.0000000e+00   0.0000000e+00
   1.0000000e+00   5.1000000e+01   1.0000000e+00   1.2600000e+02   1.0962964e+02   0.0000000e+00   1.0800000e+02   1.4000000e+00   1.0000000e+00   0.0000000e+00
   1.0000000e+00   4.8000000e+01   0.0000000e+00   1.2400000e+02   6.2333905e+01   0.0000000e+00   6.1000000e+01   1.1000000e+00   1.0000000e+00   0.0000000e+00
   0.0000000e+00   4.4000000e+01   0.0000000e+00   1.4200000e+02   8.4691959e+01   1.0000000e+00   8.4000000e+01   9.0000000e-01   1.0000000e+00   0.0000000e+00
   1.0000000e+00   6.3000000e+01   0.0000000e+00   9.0000000e+01   6.6750152e+01   0.0000000e+00   7.0000000e+01   8.0000000e-01   1.0000000e+00   1.0000000e+00
   1.0000000e+00   5.0000000e+01   1.0000000e+00   1.2300000e+02   7.4349482e+01   0.0000000e+00   7.1000000e+01   8.0000000e-01   1.0000000e+00   0.0000000e+00
   1.0000000e+00   6.4000000e+01   0.0000000e+00   1.3200000e+02   9.6404918e+01   0.0000000e+00   9.5000000e+01   1.5000000e+00   2.0000000e+00   0.0000000e+00
   1.0000000e+00   5.9000000e+01   0.0000000e+00   1.2700000e+02   5.8901139e+01   1.0000000e+00   5.7000000e+01   1.1000000e+00   1.0000000e+00   0.0000000e+00
   1.0000000e+00   5.3000000e+01   0.0000000e+00   7.9000000e+01   7.7804497e+01   0.0000000e+00   7.7000000e+01   1.1000000e+00   1.0000000e+00   0.0000000e+00
   0.0000000e+00   6.0000000e+01   1.0000000e+00   1.1900000e+02   1.0185891e+02   1.0000000e+00   1.0600000e+02   1.0000000e+00   2.0000000e+00   1.0000000e+00
   1.0000000e+00   5.9000000e+01   0.0000000e+00   1.3400000e+02   5.1588770e+01   0.0000000e+00   4.9000000e+01   1.0000000e+00   1.0000000e+00   0.0000000e+00
   1.0000000e+00   6.8000000e+01   0.0000000e+00   1.3200000e+02   9.2696702e+01   0.0000000e+00   9.2000000e+01   1.2000000e+00   1.0000000e+00   0.0000000e+00
   0.0000000e+00   5.7000000e+01   1.0000000e+00   9.5000000e+01   1.1734679e+02   0.0000000e+00   1.2000000e+02   9.0000000e-01   3.0000000e+00   1.0000000e+00
   1.0000000e+00   7.8000000e+01   0.0000000e+00   1.5900000e+02   6.8275805e+01   0.0000000e+00   7.2000000e+01   1.3000000e+00   3.0000000e+00   1.0000000e+00
   1.0000000e+00   7.0000000e+01   0.0000000e+00   1.4900000e+02   1.0439403e+02   1.0000000e+00   1.0700000e+02   1.0000000e+00   1.0000000e+00   1.0000000e+00
   1.0000000e+00   7.7000000e+01   0.0000000e+00   1.1200000e+02   5.0472701e+01   0.0000000e+00   4.7000000e+01   1.1000000e+00   1.0000000e+00   0.0000000e+00
   1.0000000e+00   7.3000000e+01   0.0000000e+00   1.7900000e+02   7.8569932e+01   1.0000000e+00   8.0000000e+01   1.3000000e+00   1.0000000e+00   1.0000000e+00
   1.0000000e+00   4.7000000e+01   1.0000000e+00   9.0000000e+01   6.0419111e+01   0.0000000e+00   5.9000000e+01   1.0000000e+00   1.0000000e+00   0.0000000e+00
   0.0000000e+00   5.6000000e+01   0.0000000e+00   8.8000000e+01   6.8345952e+01   0.0000000e+00   6.6000000e+01   8.0000000e-01   1.0000000e+00   0.0000000e+00
   1.0000000e+00   5.9000000e+01   0.0000000e+00   1.2200000e+02   8.0807941e+01   1.0000000e+00   8.0000000e+01   1.9000000e+00   1.0000000e+00   0.0000000e+00
   1.0000000e+00   6.6000000e+01   0.0000000e+00   1.4200000e+02   6.4677700e+01   0.0000000e+00   6.4000000e+01   1.3000000e+00   1.0000000e+00   0.0000000e+00
   0.0000000e+00   6.0000000e+01   0.0000000e+00   1.0100000e+02   1.1112058e+02   1.0000000e+00   1.1500000e+02   7.0000000e-01   3.0000000e+00   1.0000000e+00
   1.0000000e+00   7.4000000e+01   0.0000000e+00   1.6400000e+02   7.5698693e+01   1.0000000e+00   7.8000000e+01   7.0000000e-01   1.0000000e+00   1.0000000e+00
   0.0000000e+00   6.8000000e+01   0.0000000e+00   1.0200000e+02   8.2963107e+01   0.0000000e+00   8.0000000e+01   1.0000000e+00   1.0000000e+00   0.0000000e+00
   1.0000000e+00   7.4000000e+01   0.0000000e+00   1.2800000e+02   5.5163149e+01   0.0000000e+00   5.3000000e+01   1.3000000e+00   1.0000000e+00   0.0000000e+00
   0.0000000e+00   7.9000000e+01   0.0000000e+00   1.1400000e+02   4.8004315e+01   1.0000000e+00   5.0000000e+01   8.0000000e-01   1.0000000e+00   1.0000000e+00
   1.0000000e+00   5.7000000e+01   0.0000000e+00   1.3700000e+02   1.0967636e+02   0.0000000e+00   1.0700000e+02   1.0000000e+00   1.0000000e+00   0.0000000e+00
   1.0000000e+00   6.3000000e+01   0.0000000e+00   1.4800000e+02   7.8401910e+01   0.0000000e+00   7.6000000e+01   1.2000000e+00   1.0000000e+00   0.0000000e+00
   1.0000000e+00   5.3000000e+01   0.0000000e+00   1.4700000e+02   9.4540359e+01   1.0000000e+00   9.3000000e+01   1.0000000e+00   1.0000000e+00   0.0000000e+00
   1.0000000e+00   6.2000000e+01   0.0000000e+00   1.0800000e+02   6.3437463e+01   0.0000000e+00   6.2000000e+01   1.2000000e+00   1.0000000e+00   0.0000000e+00
   1.0000000e+00   6.7000000e+01   0.0000000e+00   1.2400000e+02   4.7221658e+01   1.0000000e+00   4.4000000e+01   1.2000000e+00   1.0000000e+00   0.0000000e+00
   1.0000000e+00   7.5000000e+01   0.0000000e+00   1.8000000e+02   6.9917754e+01   1.0000000e+00   7.3000000e+01   1.3000000e+00   1.0000000e+00   1.0000000e+00
   1.0000000e+00   6.2000000e+01   0.0000000e+00   1.0800000e+02   4.8495122e+01   0.0000000e+00   4.6000000e+01   1.5000000e+00   1.0000000e+00   0.0000000e+00
   1.0000000e+00   7.0000000e+01   0.0000000e+00   1.4500000e+02   6.3741768e+01   1.0000000e+00   6.6000000e+01   1.6000000e+00   1.0000000e+00   1.0000000e+00
   1.0000000e+00   5.5000000e+01   0.0000000e+00   1.2100000e+02   6.1755928e+01   1.0000000e+00   6.0000000e+01   1.1000000e+00   1.0000000e+00   0.0000000e+00
   1.0000000e+00   6.2000000e+01   1.0000000e+00   1.0200000e+02   6.9478121e+01   0.0000000e+00   6.8000000e+01   8.0000000e-01   1.0000000e+00   0.0000000e+00
   1.0000000e+00   5.3000000e+01   0.0000000e+00   1.0100000e+02   6.8928811e+01   0.0000000e+00   6.6000000e+01   9.0000000e-01   1.0000000e+00   0.0000000e+00
   0.0000000e+00   6.8000000e+01   0.0000000e+00   1.3000000e+02   9.3051406e+01   0.0000000e+00   9.0000000e+01   9.0000000e-01   1.0000000e+00   0.0000000e+00
   1.0000000e+00   7.6000000e+01   1.0000000e+00   1.4700000e+02   7.3507129e+01   1.0000000e+00   7.5000000e+01   3.6000000e+00   3.0000000e+00   1.0000000e+00
   1.0000000e+00   8.3000000e+01   0.0000000e+00   1.4300000e+02   7.7872663e+01   1.0000000e+00   8.2000000e+01   1.3000000e+00   1.0000000e+00   1.0000000e+00
   0.0000000e+00   5.0000000e+01   0.0000000e+00   1.0300000e+02   5.5091265e+01   0.0000000e+00   5.4000000e+01   7.0000000e-01   1.0000000e+00   0.0000000e+00
   1.0000000e+00   5.2000000e+01   0.0000000e+00   1.2200000e+02   9.1035763e+01   0.0000000e+00   9.0000000e+01   1.1000000e+00   1.0000000e+00   0.0000000e+00
   0.0000000e+00   6.9000000e+01   1.0000000e+00   6.0000000e+01   4.6809094e+01   1.0000000e+00   5.0000000e+01   1.5000000e+00   2.0000000e+00   1.0000000e+00
   1.0000000e+00   5.6000000e+01   0.0000000e+00   1.4300000e+02   8.1341565e+01   1.0000000e+00   8.0000000e+01   1.3000000e+00   1.0000000e+00   0.0000000e+00
   1.0000000e+00   4.5000000e+01   0.0000000e+00   1.0200000e+02   9.5747448e+01   0.0000000e+00   9.3000000e+01   1.1000000e+00   1.0000000e+00   0.0000000e+00
   1.0000000e+00   7.5000000e+01   0.0000000e+00   1.4200000e+02   9.2904122e+01   1.0000000e+00   9.5000000e+01   1.2000000e+00   1.0000000e+00   1.0000000e+00
   0.0000000e+00   6.2000000e+01   0.0000000e+00   1.3300000e+02   6.5624929e+01   0.0000000e+00   6.2000000e+01   9.0000000e-01   1.0000000e+00   0.0000000e+00
   1.0000000e+00   6.8000000e+01   0.0000000e+00   1.5700000e+02   7.5922274e+01   1.0000000e+00   7.9000000e+01   1.0000000e+00   1.0000000e+00   1.0000000e+00
   1.0000000e+00   6.1000000e+01   0.0000000e+00   1.7300000e+02   7.3296187e+01   0.0000000e+00   7.1000000e+01   1.0000000e+00   1.0000000e+00   0.0000000e+00
   1.0000000e+00   6.0000000e+01   0.0000000e+00   1.3200000e+02   8.1934176e+01   1.0000000e+00   8.0000000e+01   1.0000000e+00   1.0000000e+00   0.0000000e+00
   0.0000000e+00   7.5000000e+01   1.0000000e+00   1.5200000e+02   7.5822245e+01   1.0000000e+00   7.4000000e+01   8.0000000e-01   1.0000000e+00   0.0000000e+00
   0.0000000e+00   4.6000000e+01   0.0000000e+00   1.1200000e+02   8.8038441e+01   1.0000000e+00   8.5000000e+01   9.0000000e-01   1.0000000e+00   0.0000000e+00
   1.0000000e+00   5.2000000e+01   0.0000000e+00   1.0300000e+02   6.7251074e+01   0.0000000e+00   6.4000000e+01   1.3000000e+00   1.0000000e+00   0.0000000e+00
   1.0000000e+00   5.0000000e+01   1.0000000e+00   1.1800000e+02   6.5615225e+01   0.0000000e+00   6.2000000e+01   5.1000000e+00   1.0000000e+00   0.0000000e+00
   1.0000000e+00   8.1000000e+01   0.0000000e+00   1.5500000e+02   6.7415893e+01   1.0000000e+00   6.9000000e+01   1.5000000e+00   1.0000000e+00   1.0000000e+00
   1.0000000e+00   6.3000000e+01   1.0000000e+00   1.2200000e+02   7.7923094e+01   1.0000000e+00   7.7000000e+01   1.2000000e+00   1.0000000e+00   0.0000000e+00
   1.0000000e+00   7.8000000e+01   0.0000000e+00   1.4700000e+02   6.5657545e+01   1.0000000e+00   6.9000000e+01   1.2000000e+00   1.0000000e+00   1.0000000e+00
   1.0000000e+00   6.1000000e+01   0.0000000e+00   1.7000000e+02   9.3438901e+01   1.0000000e+00   9.5000000e+01   1.1000000e+00   3.0000000e+00   1.0000000e+00
   1.0000000e+00   6.8000000e+01   1.0000000e+00   1.6300000e+02   9.2283881e+01   1.0000000e+00   9.6000000e+01   7.7000000e+00   1.0000000e+00   1.0000000e+00
   1.0000000e+00   7.5000000e+01   0.0000000e+00   1.7800000e+02   6.4318730e+01   1.0000000e+00   6.6000000e+01   1.3000000e+00   1.0000000e+00   1.0000000e+00
   1.0000000e+00   4.1000000e+01   0.0000000e+00   1.0700000e+02   7.3363489e+01   1.0000000e+00   7.2000000e+01   1.1000000e+00   1.0000000e+00   0.0000000e+00
   1.0000000e+00   5.6000000e+01   0.0000000e+00   1.3600000e+02   7.3678433e+01   0.0000000e+00   7.3000000e+01   1.1000000e+00   1.0000000e+00   0.0000000e+00
   1.0000000e+00   7.8000000e+01   0.0000000e+00   1.8000000e+02   8.6321931e+01   1.0000000e+00   9.0000000e+01   1.0000000e+00   1.0000000e+00   1.0000000e+00
   1.0000000e+00   7.1000000e+01   0.0000000e+00   1.1300000e+02   5.6705564e+01   1.0000000e+00   6.0000000e+01   9.0000000e-01   1.0000000e+00   1.0000000e+00
   1.0000000e+00   4.9000000e+01   0.0000000e+00   1.1100000e+02   1.0833815e+02   0.0000000e+00   1.1100000e+02   1.0000000e+00   3.0000000e+00   1.0000000e+00
   1.0000000e+00   4.7000000e+01   1.0000000e+00   1.1500000e+02   8.7604418e+01   1.0000000e+00   8.5000000e+01   9.0000000e-01   1.0000000e+00   0.0000000e+00
   1.0000000e+00   7.2000000e+01   1.0000000e+00   1.8300000e+02   7.7129409e+01   0.0000000e+00   7.4000000e+01   1.1000000e+00   1.0000000e+00   0.0000000e+00
   1.0000000e+00   6.1000000e+01   0.0000000e+00   1.2700000e+02   6.9683530e+01   1.0000000e+00   6.8000000e+01   1.3000000e+00   1.0000000e+00   0.0000000e+00
   1.0000000e+00   7.5000000e+01   1.0000000e+00   1.5200000e+02   9.0143068e+01   0.0000000e+00   8.8000000e+01   1.9000000e+00   1.0000000e+00   0.0000000e+00
   1.0000000e+00   6.7000000e+01   0.0000000e+00   1.5200000e+02   7.4659167e+01   1.0000000e+00   7.1000000e+01   1.2000000e+00   1.0000000e+00   0.0000000e+00
   0.0000000e+00   5.4000000e+01   0.0000000e+00   1.4100000e+02   8.5746939e+01   0.0000000e+00   8.3000000e+01   1.2000000e+00   1.0000000e+00   0.0000000e+00
   1.0000000e+00   7.2000000e+01   0.0000000e+00   1.4300000e+02   5.5797836e+01   1.0000000e+00   6.0000000e+01   1.2000000e+00   1.0000000e+00   1.0000000e+00
   1.0000000e+00   6.3000000e+01   0.0000000e+00   1.2200000e+02   8.9376347e+01   1.0000000e+00   9.2000000e+01   1.4000000e+00   3.0000000e+00   1.0000000e+00
   1.0000000e+00   4.3000000e+01   0.0000000e+00   1.0400000e+02   9.0956406e+01   0.0000000e+00   8.8000000e+01   1.0000000e+00   1.0000000e+00   0.0000000e+00
   1.0000000e+00   8.4000000e+01   0.0000000e+00   1.6000000e+02   6.3383199e+01   0.0000000e+00   6.6000000e+01   1.4000000e+00   2.0000000e+00   1.0000000e+00
   1.0000000e+00   5.7000000e+01   0.0000000e+00   1.4200000e+02   7.7264641e+01   0.0000000e+00   7.6000000e+01   1.0000000e+00   1.0000000e+00   0.0000000e+00
   1.0000000e+00   8.1000000e+01   0.0000000e+00   1.3100000e+02   6.4202527e+01   1.0000000e+00   6.8000000e+01   8.0000000e-01   1.0000000e+00   1.0000000e+00
   0.0000000e+00   5.6000000e+01   0.0000000e+00   1.3300000e+02   9.3452274e+01   1.0000000e+00   9.5000000e+01   8.0000000e-01   1.0000000e+00   1.0000000e+00
   0.0000000e+00   5.7000000e+01   0.0000000e+00   1.6200000e+02   8.4985975e+01   0.0000000e+00   8.2000000e+01   1.0000000e+00   1.0000000e+00   0.0000000e+00
   1.0000000e+00   7.8000000e+01   0.0000000e+00   1.3800000e+02   6.5078506e+01   0.0000000e+00   6.2000000e+01   1.4000000e+00   1.0000000e+00   0.0000000e+00
   1.0000000e+00   6.4000000e+01   0.0000000e+00   1.2300000e+02   7.9147407e+01   0.0000000e+00   7.6000000e+01   9.0000000e-01   1.0000000e+00   0.0000000e+00
   1.0000000e+00   7.7000000e+01   0.0000000e+00   1.2800000e+02   1.1242134e+02   1.0000000e+00   1.1400000e+02   1.2000000e+00   1.0000000e+00   1.0000000e+00
   1.0000000e+00   6.7000000e+01   1.0000000e+00   1.1900000e+02   5.3373513e+01   0.0000000e+00   5.2000000e+01   1.0000000e+00   1.0000000e+00   0.0000000e+00
   1.0000000e+00   7.6000000e+01   0.0000000e+00   1.3200000e+02   6.9327078e+01   0.0000000e+00   6.8000000e+01   1.5000000e+00   1.0000000e+00   0.0000000e+00
   0.0000000e+00   7.3000000e+01   0.0000000e+00   1.1300000e+02   8.6952388e+01   0.0000000e+00   9.0000000e+01   8.0000000e-01   2.0000000e+00   1.0000000e+00
   0.0000000e+00   7.3000000e+01   0.0000000e+00   1.6100000e+02   7.5800639e+01   1.0000000e+00   7.5000000e+01   9.0000000e-01   1.0000000e+00   0.0000000e+00
   1.0000000e+00   8.4000000e+01   0.0000000e+00   1.3000000e+02   6.1694132e+01   0.0000000e+00   6.4000000e+01   1.1000000e+00   1.0000000e+00   1.0000000e+00
   0.0000000e+00   7.5000000e+01   0.0000000e+00   1.6100000e+02   1.1308921e+02   1.0000000e+00   1.1700000e+02   1.2000000e+00   1.0000000e+00   1.0000000e+00
   1.0000000e+00   5.3000000e+01   0.0000000e+00   9.9000000e+01   6.1735713e+01   0.0000000e+00   6.1000000e+01   1.2000000e+00   1.0000000e+00   0.0000000e+00
   1.0000000e+00   7.0000000e+01   0.0000000e+00   1.2900000e+02   6.3184909e+01   1.0000000e+00   6.5000000e+01   1.0000000e+00   1.0000000e+00   1.0000000e+00
   1.0000000e+00   5.9000000e+01   0.0000000e+00   9.9000000e+01   7.1744288e+01   1.0000000e+00   6.9000000e+01   1.3000000e+00   1.0000000e+00   0.0000000e+00
   1.0000000e+00   6.1000000e+01   0.0000000e+00   1.0600000e+02   8.8782654e+01   0.0000000e+00   8.6000000e+01   7.0000000e-01   1.0000000e+00   0.0000000e+00
   1.0000000e+00   7.7000000e+01   0.0000000e+00   1.4700000e+02   6.3774991e+01   1.0000000e+00   6.1000000e+01   1.7000000e+00   1.0000000e+00   0.0000000e+00
   1.0000000e+00   8.3000000e+01   0.0000000e+00   1.9000000e+02   6.2713091e+01   1.0000000e+00   6.7000000e+01   1.2000000e+00   1.0000000e+00   1.0000000e+00
   0.0000000e+00   8.0000000e+01   0.0000000e+00   1.3000000e+02   6.7757626e+01   1.0000000e+00   7.0000000e+01   8.0000000e-01   2.0000000e+00   1.0000000e+00
   0.0000000e+00   5.0000000e+01   0.0000000e+00   1.0600000e+02   1.0076166e+02   1.0000000e+00   1.0000000e+02   7.0000000e-01   1.0000000e+00   0.0000000e+00
   0.0000000e+00   7.5000000e+01   0.0000000e+00   1.5100000e+02   9.7585589e+01   0.0000000e+00   9.6000000e+01   1.7000000e+00   1.0000000e+00   0.0000000e+00
   1.0000000e+00   6.8000000e+01   1.0000000e+00   1.2300000e+02   1.0016287e+02   0.0000000e+00   1.0400000e+02   1.6000000e+00   2.0000000e+00   1.0000000e+00
   0.0000000e+00   6.2000000e+01   0.0000000e+00   1.6800000e+02   7.0723966e+01   0.0000000e+00   6.9000000e+01   1.1000000e+00   1.0000000e+00   0.0000000e+00
   1.0000000e+00   6.2000000e+01   0.0000000e+00   1.2200000e+02   6.1709584e+01   0.0000000e+00   6.0000000e+01   1.3000000e+00   1.0000000e+00   0.0000000e+00
   1.0000000e+00   5.7000000e+01   0.0000000e+00   8.2000000e+01   7.7697896e+01   0.0000000e+00   7.5000000e+01   1.2000000e+00   1.0000000e+00   0.0000000e+00
   1.0000000e+00   5.0000000e+01   0.0000000e+00   1.2200000e+02   7.0568204e+01   1.0000000e+00   6.8000000e+01   1.0000000e+00   1.0000000e+00   0.0000000e+00
   1.0000000e+00   6.9000000e+01   0.0000000e+00   1.3200000e+02   5.6224145e+01   1.0000000e+00   6.0000000e+01   1.2000000e+00   1.0000000e+00   1.0000000e+00
   1.0000000e+00   6.6000000e+01   0.0000000e+00   7.8000000e+01   6.2722965e+01   0.0000000e+00   6.1000000e+01   1.3000000e+00   1.0000000e+00   0.0000000e+00
   1.0000000e+00   5.3000000e+01   0.0000000e+00   1.0400000e+02   7.9005037e+01   1.0000000e+00   7.8000000e+01   1.0000000e+00   1.0000000e+00   0.0000000e+00
   1.0000000e+00   6.9000000e+01   0.0000000e+00   1.3900000e+02   7.0270939e+01   1.0000000e+00   7.4000000e+01   1.0000000e+00   1.0000000e+00   1.0000000e+00
   1.0000000e+00   6.9000000e+01   0.0000000e+00   1.2100000e+02   8.3307879e+01   1.0000000e+00   8.7000000e+01   1.1000000e+00   1.0000000e+00   1.0000000e+00
   0.0000000e+00   4.3000000e+01   0.0000000e+00   1.0000000e+02   8.1491227e+01   1.0000000e+00   8.0000000e+01   7.0000000e-01   1.0000000e+00   0.0000000e+00
   1.0000000e+00   8.2000000e+01   0.0000000e+00   1.7800000e+02   7.7301759e+01   0.0000000e+00   7.4000000e+01   1.2000000e+00   1.0000000e+00   0.0000000e+00
   1.0000000e+00   4.7000000e+01   1.0000000e+00   1.3200000e+02   7.5916397e+01   1.0000000e+00   7.4000000e+01   1.0000000e+00   1.0000000e+00   0.0000000e+00
   1.0000000e+00   5.5000000e+01   0.0000000e+00   8.3000000e+01   7.3887585e+01   1.0000000e+00   7.7000000e+01   8.3000000e+00   1.0000000e+00   1.0000000e+00
   0.0000000e+00   4.6000000e+01   0.0000000e+00   1.1600000e+02   8.7521929e+01   0.0000000e+00   8.4000000e+01   7.0000000e-01   1.0000000e+00   0.0000000e+00
   1.0000000e+00   6.9000000e+01   0.0000000e+00   1.1400000e+02   5.7521028e+01   0.0000000e+00   5.4000000e+01   1.2000000e+00   1.0000000e+00   0.0000000e+00
   1.0000000e+00   6.6000000e+01   0.0000000e+00   1.1200000e+02   6.4674649e+01   0.0000000e+00   6.4000000e+01   1.1000000e+00   1.0000000e+00   0.0000000e+00
   1.0000000e+00   4.1000000e+01   0.0000000e+00   1.2500000e+02   6.0829073e+01   1.0000000e+00   5.9000000e+01   8.0000000e-01   1.0000000e+00   0.0000000e+00
   1.0000000e+00   5.7000000e+01   0.0000000e+00   1.5600000e+02   1.0672817e+02   1.0000000e+00   1.1100000e+02   7.8000000e+00   3.0000000e+00   1.0000000e+00
   0.0000000e+00   7.4000000e+01   0.0000000e+00   1.5900000e+02   6.8924534e+01   1.0000000e+00   7.3000000e+01   1.2000000e+00   3.0000000e+00   1.0000000e+00
   1.0000000e+00   3.4000000e+01   0.0000000e+00   9.8000000e+01   5.9724826e+01   0.0000000e+00   5.9000000e+01   1.0000000e+00   1.0000000e+00   0.0000000e+00
   1.0000000e+00   7.1000000e+01   0.0000000e+00   1.2200000e+02   6.3990108e+01   0.0000000e+00   6.2000000e+01   1.1000000e+00   1.0000000e+00   0.0000000e+00
   1.0000000e+00   4.5000000e+01   1.0000000e+00   1.4200000e+02   1.0044577e+02   0.0000000e+00   9.8000000e+01   1.0000000e+00   1.0000000e+00   0.0000000e+00
   0.0000000e+00   6.3000000e+01   0.0000000e+00   1.7200000e+02   6.7225028e+01   0.0000000e+00   6.6000000e+01   9.0000000e-01   1.0000000e+00   0.0000000e+00
   1.0000000e+00   7.0000000e+01   0.0000000e+00   1.4000000e+02   7.5188042e+01   1.0000000e+00   7.9000000e+01   1.0000000e+00   3.0000000e+00   1.0000000e+00
   1.0000000e+00   7.3000000e+01   0.0000000e+00   1.2700000e+02   8.7295803e+01   0.0000000e+00   8.6000000e+01   9.0000000e-01   1.0000000e+00   0.0000000e+00
   0.0000000e+00   8.0000000e+01   0.0000000e+00   1.5800000e+02   8.0179650e+01   1.0000000e+00   8.3000000e+01   1.0000000e+00   1.0000000e+00   1.0000000e+00
   1.0000000e+00   6.2000000e+01   1.0000000e+00   1.9200000e+02   6.5893339e+01   0.0000000e+00   6.3000000e+01   1.0000000e+00   2.0000000e+00   0.0000000e+00
   1.0000000e+00   6.1000000e+01   0.0000000e+00   1.3500000e+02   7.2885729e+01   1.0000000e+00   7.7000000e+01   1.2000000e+00   1.0000000e+00   1.0000000e+00
   0.0000000e+00   7.4000000e+01   0.0000000e+00   1.3700000e+02   9.4137091e+01   0.0000000e+00   9.1000000e+01   1.2000000e+00   1.0000000e+00   0.0000000e+00
   1.0000000e+00   6.5000000e+01   0.0000000e+00   1.4200000e+02   5.0720805e+01   1.0000000e+00   4.9000000e+01   1.0000000e+00   1.0000000e+00   0.0000000e+00
   1.0000000e+00   4.7000000e+01   0.0000000e+00   9.6000000e+01   7.2749934e+01   1.0000000e+00   7.0000000e+01   1.1000000e+00   1.0000000e+00   0.0000000e+00
   1.0000000e+00   7.5000000e+01   0.0000000e+00   1.4800000e+02   6.1221078e+01   1.0000000e+00   6.5000000e+01   1.1000000e+00   1.0000000e+00   1.0000000e+00
   1.0000000e+00   5.1000000e+01   0.0000000e+00   1.0200000e+02   6.1324786e+01   0.0000000e+00   6.0000000e+01   9.0000000e-01   1.0000000e+00   0.0000000e+00
   0.0000000e+00   6.5000000e+01   1.0000000e+00   1.3700000e+02   8.8235475e+01   0.0000000e+00   8.6000000e+01   9.0000000e-01   1.0000000e+00   0.0000000e+00
   0.0000000e+00   6.0000000e+01   0.0000000e+00   1.6600000e+02   6.5962562e+01   1.0000000e+00   6.4000000e+01   7.0000000e-01   1.0000000e+00   0.0000000e+00
   1.0000000e+00   7.3000000e+01   0.0000000e+00   1.5000000e+02   7.3589495e+01   1.0000000e+00   7.5000000e+01   1.0000000e+00   1.0000000e+00   1.0000000e+00
   1.0000000e+00   5.5000000e+01   0.0000000e+00   1.0700000e+02   6.9731001e+01   1.0000000e+00   6.8000000e+01   1.0000000e+00   1.0000000e+00   0.0000000e+00
   1.0000000e+00   6.8000000e+01   0.0000000e+00   1.5100000e+02   9.8326331e+01   1.0000000e+00   1.0000000e+02   1.3000000e+00   3.0000000e+00   1.0000000e+00
   1.0000000e+00   7.4000000e+01   1.0000000e+00   1.3800000e+02   5.4413233e+01   0.0000000e+00   5.1000000e+01   1.2000000e+00   1.0000000e+00   0.0000000e+00
   1.0000000e+00   7.7000000e+01   0.0000000e+00   1.5200000e+02   8.3631948e+01   1.0000000e+00   8.0000000e+01   1.1000000e+00   1.0000000e+00   0.0000000e+00
   0.0000000e+00   6.4000000e+01   0.0000000e+00   1.3200000e+02   6.9911435e+01   1.0000000e+00   7.4000000e+01   9.0000000e-01   1.0000000e+00   1.0000000e+00
   1.0000000e+00   6.2000000e+01   0.0000000e+00   1.1200000e+02   7.6594715e+01   0.0000000e+00   7.5000000e+01   1.2000000e+00   1.0000000e+00   0.0000000e+00
   1.0000000e+00   7.7000000e+01   0.0000000e+00   1.0200000e+02   6.3638688e+01   0.0000000e+00   6.0000000e+01   1.2000000e+00   1.0000000e+00   0.0000000e+00
   1.0000000e+00   8.4000000e+01   0.0000000e+00   1.9600000e+02   9.9979391e+01   1.0000000e+00   1.0400000e+02   2.6000000e+00   1.0000000e+00   1.0000000e+00
   0.0000000e+00   7.8000000e+01   0.0000000e+00   1.3500000e+02   7.0615775e+01   1.0000000e+00   7.2000000e+01   1.1000000e+00   1.0000000e+00   1.0000000e+00
   1.0000000e+00   5.6000000e+01   0.0000000e+00   1.6200000e+02   7.5570325e+01   1.0000000e+00   7.2000000e+01   1.0000000e+00   1.0000000e+00   0.0000000e+00
   1.0000000e+00   4.8000000e+01   0.0000000e+00   1.0600000e+02   8.9425419e+01   0.0000000e+00   8.7000000e+01   9.0000000e-01   1.0000000e+00   0.0000000e+00
   1.0000000e+00   5.0000000e+01   0.0000000e+00   1.4200000e+02   9.2818178e+01   1.0000000e+00   9.0000000e+01   8.0000000e-01   1.0000000e+00   0.0000000e+00
   0.0000000e+00   8.5000000e+01   1.0000000e+00   1.6000000e+02   6.6935646e+01   0.0000000e+00   7.0000000e+01   1.4000000e+00   2.0000000e+00   1.0000000e+00
   0.0000000e+00   6.7000000e+01   1.0000000e+00   1.0900000e+02   6.1330747e+01   0.0000000e+00   6.0000000e+01   1.3000000e+00   1.0000000e+00   0.0000000e+00
   1.0000000e+00   6.7000000e+01   0.0000000e+00   9.7000000e+01   6.4389127e+01   0.0000000e+00   6.6000000e+01   9.0000000e-01   1.0000000e+00   1.0000000e+00
   1.0000000e+00   7.0000000e+01   0.0000000e+00   1.3400000e+02   8.7082562e+01   1.0000000e+00   9.1000000e+01   1.1000000e+00   1.0000000e+00   1.0000000e+00
   1.0000000e+00   4.6000000e+01   1.0000000e+00   1.0600000e+02   8.7538442e+01   1.0000000e+00   8.5000000e+01   1.0000000e+00   1.0000000e+00   0.0000000e+00
   1.0000000e+00   7.6000000e+01   0.0000000e+00   1.4800000e+02   8.4336335e+01   0.0000000e+00   8.2000000e+01   1.1000000e+00   1.0000000e+00   0.0000000e+00
   1.0000000e+00   5.7000000e+01   0.0000000e+00   1.1900000e+02   9.4640925e+01   0.0000000e+00   9.1000000e+01   1.0000000e+00   1.0000000e+00   0.0000000e+00
   0.0000000e+00   7.2000000e+01   0.0000000e+00   1.1300000e+02   7.8140786e+01   1.0000000e+00   8.1000000e+01   9.0000000e-01   1.0000000e+00   1.0000000e+00
   1.0000000e+00   6.0000000e+01   0.0000000e+00   7.2000000e+01   6.5344497e+01   0.0000000e+00   6.4000000e+01   1.2000000e+00   1.0000000e+00   0.0000000e+00
   1.0000000e+00   5.0000000e+01   0.0000000e+00   9.9000000e+01   5.2826297e+01   0.0000000e+00   5.0000000e+01   9.0000000e-01   1.0000000e+00   0.0000000e+00
   1.0000000e+00   6.9000000e+01   0.0000000e+00   1.4000000e+02   6.4682040e+01   1.0000000e+00   6.8000000e+01   1.2000000e+00   1.0000000e+00   1.0000000e+00
   0.0000000e+00   7.5000000e+01   0.0000000e+00   1.4000000e+02   7.4135886e+01   1.0000000e+00   7.6000000e+01   1.1000000e+00   1.0000000e+00   1.0000000e+00
   1.0000000e+00   8.0000000e+01   0.0000000e+00   1.3700000e+02   9.1528992e+01   1.0000000e+00   9.3000000e+01   2.0000000e+00   3.0000000e+00   1.0000000e+00
   1.0000000e+00   5.0000000e+01   0.0000000e+00   1.1200000e+02   8.6958089e+01   1.0000000e+00   8.4000000e+01   1.0000000e+00   1.0000000e+00   0.0000000e+00
   1.0000000e+00   5.4000000e+01   0.0000000e+00   1.9200000e+02   9.8464396e+01   1.0000000e+00   9.5000000e+01   1.5000000e+00   1.0000000e+00   0.0000000e+00
   1.0000000e+00   5.4000000e+01   1.0000000e+00   9.4000000e+01   8.6187650e+01   1.0000000e+00   8.4000000e+01   1.1000000e+00   1.0000000e+00   0.0000000e+00
   1.0000000e+00   5.7000000e+01   0.0000000e+00   1.2300000e+02   6.2309218e+01   1.0000000e+00   6.1000000e+01   1.2000000e+00   1.0000000e+00   0.0000000e+00
   0.0000000e+00   5.5000000e+01   0.0000000e+00   1.0400000e+02   9.1023579e+01   0.0000000e+00   9.0000000e+01   9.0000000e-01   1.0000000e+00   0.0000000e+00
   1.0000000e+00   6.6000000e+01   0.0000000e+00   1.7400000e+02   5.6476709e+01   1.0000000e+00   5.5000000e+01   1.3000000e+00   1.0000000e+00   0.0000000e+00
   1.0000000e+00   6.4000000e+01   0.0000000e+00   1.3800000e+02   6.5697416e+01   1.0000000e+00   7.0000000e+01   1.0000000e+00   1.0000000e+00   1.0000000e+00
   1.0000000e+00   7.7000000e+01   0.0000000e+00   1.5000000e+02   1.2085632e+02   0.0000000e+00   1.2300000e+02   1.4000000e+00   3.0000000e+00   1.0000000e+00
   1.0000000e+00   8.8000000e+01   0.0000000e+00   1.7600000e+02   6.4669553e+01   1.0000000e+00   6.8000000e+01   1.4000000e+00   1.0000000e+00   1.0000000e+00
   1.0000000e+00   6.5000000e+01   0.0000000e+00   1.0500000e+02   5.1178819e+01   0.0000000e+00   4.8000000e+01   1.0000000e+00   1.0000000e+00   0.0000000e+00
   1.0000000e+00   4.9000000e+01   0.0000000e+00   1.3200000e+02   9.2251799e+01   1.0000000e+00   9.0000000e+01   1.0000000e+00   1.0000000e+00   0.0000000e+00
   1.0000000e+00   7.7000000e+01   0.0000000e+00   1.1400000e+02   6.3228838e+01   0.0000000e+00   6.2000000e+01   1.2000000e+00   1.0000000e+00   0.0000000e+00
   1.0000000e+00   7.0000000e+01   0.0000000e+00   1.4400000e+02   8.6078336e+01   1.0000000e+00   9.0000000e+01   1.9000000e+00   3.0000000e+00   1.0000000e+00
   1.0000000e+00   4.7000000e+01   0.0000000e+00   1.0600000e+02   8.2029861e+01   0.0000000e+00   8.6000000e+01   9.0000000e-01   3.0000000e+00   1.0000000e+00
   1.0000000e+00   7.7000000e+01   0.0000000e+00   1.4200000e+02   9.3116666e+01   0.0000000e+00   9.0000000e+01   1.1000000e+00   1.0000000e+00   0.0000000e+00
   1.0000000e+00   7.6000000e+01   0.0000000e+00   1.0500000e+02   5.1794502e+01   0.0000000e+00   5.0000000e+01   1.1000000e+00   1.0000000e+00   0.0000000e+00
   0.0000000e+00   5.1000000e+01   0.0000000e+00   1.1200000e+02   7.1410589e+01   0.0000000e+00   7.0000000e+01   9.0000000e-01   1.0000000e+00   0.0000000e+00
   1.0000000e+00   6.4000000e+01   0.0000000e+00   1.3100000e+02   8.4196862e+01   1.0000000e+00   8.1000000e+01   1.3000000e+00   1.0000000e+00   0.0000000e+00
   1.0000000e+00   5.2000000e+01   0.0000000e+00   1.3900000e+02   8.1830923e+01   1.0000000e+00   8.0000000e+01   1.0000000e+00   1.0000000e+00   0.0000000e+00
   1.0000000e+00   6.3000000e+01   0.0000000e+00   1.4700000e+02   6.9414918e+01   0.0000000e+00   6.6000000e+01   9.0000000e-01   1.0000000e+00   0.0000000e+00
   0.0000000e+00   7.6000000e+01   0.0000000e+00   1.5000000e+02   6.0004589e+01   1.0000000e+00   6.2000000e+01   9.0000000e-01   1.0000000e+00   1.0000000e+00
   0.0000000e+00   6.2000000e+01   0.0000000e+00   1.0400000e+02   5.7848676e+01   0.0000000e+00   5.6000000e+01   9.0000000e-01   1.0000000e+00   0.0000000e+00
   1.0000000e+00   6.7000000e+01   0.0000000e+00   1.4600000e+02   8.6237730e+01   0.0000000e+00   8.4000000e+01   1.0000000e+00   1.0000000e+00   0.0000000e+00
   1.0000000e+00   8.8000000e+01   0.0000000e+00   1.2200000e+02   5.6110404e+01   1.0000000e+00   5.8000000e+01   1.6000000e+00   1.0000000e+00   1.0000000e+00
   0.0000000e+00   7.5000000e+01   0.0000000e+00   2.0400000e+02   1.1489838e+02   1.0000000e+00   1.1700000e+02   1.0000000e+00   1.0000000e+00   1.0000000e+00
   0.0000000e+00   5.4000000e+01   0.0000000e+00   1.0600000e+02   8.3852556e+01   0.0000000e+00   8.3000000e+01   1.0000000e+00   1.0000000e+00   0.0000000e+00
   1.0000000e+00   8.2000000e+01   0.0000000e+00   1.8000000e+02   7.7988101e+01   1.0000000e+00   8.0000000e+01   1.3000000e+00   2.0000000e+00   1.0000000e+00
   1.0000000e+00   5.5000000e+01   0.0000000e+00   9.5000000e+01   6.1309073e+01   0.0000000e+00   5.9000000e+01   1.2000000e+00   1.0000000e+00   0.0000000e+00
   0.0000000e+00   5.8000000e+01   0.0000000e+00   8.5000000e+01   7.0090255e+01   1.0000000e+00   6.7000000e+01   8.0000000e-01   1.0000000e+00   0.0000000e+00
   1.0000000e+00   4.5000000e+01   0.0000000e+00   1.1200000e+02   7.6822493e+01   0.0000000e+00   7.6000000e+01   1.1000000e+00   1.0000000e+00   0.0000000e+00
   1.0000000e+00   5.4000000e+01   1.0000000e+00   1.1200000e+02   9.0901203e+01   1.0000000e+00   9.0000000e+01   9.0000000e-01   1.0000000e+00   0.0000000e+00
   1.0000000e+00   7.5000000e+01   0.0000000e+00   1.1300000e+02   6.9865254e+01   0.0000000e+00   7.2000000e+01   1.2000000e+00   1.0000000e+00   1.0000000e+00
   1.0000000e+00   6.6000000e+01   1.0000000e+00   1.3100000e+02   6.8704131e+01   1.0000000e+00   6.7000000e+01   1.1000000e+00   1.0000000e+00   0.0000000e+00
   1.0000000e+00   6.4000000e+01   1.0000000e+00   1.0200000e+02   6.4018535e+01   1.0000000e+00   6.8000000e+01   1.4000000e+00   1.0000000e+00   1.0000000e+00
   0.0000000e+00   6.0000000e+01   0.0000000e+00   1.0100000e+02   7.2556535e+01   1.0000000e+00   7.4000000e+01   9.0000000e-01   1.0000000e+00   1.0000000e+00
   1.0000000e+00   5.5000000e+01   0.0000000e+00   1.1100000e+02   6.5895288e+01   0.0000000e+00   6.4000000e+01   1.2000000e+00   1.0000000e+00   0.0000000e+00
   1.0000000e+00   5.8000000e+01   0.0000000e+00   9.9000000e+01   4.7122995e+01   0.0000000e+00   4.9000000e+01   2.0000000e+00   1.0000000e+00   1.0000000e+00
   1.0000000e+00   8.8000000e+01   0.0000000e+00   1.4400000e+02   5.4965694e+01   1.0000000e+00   5.8000000e+01   1.6000000e+00   1.0000000e+00   1.0000000e+00
   1.0000000e+00   3.8000000e+01   1.0000000e+00   7.4000000e+01   7.9282216e+01   1.0000000e+00   7.8000000e+01   1.0000000e+00   1.0000000e+00   0.0000000e+00
   1.0000000e+00   7.1000000e+01   0.0000000e+00   1.4500000e+02   7.6518032e+01   0.0000000e+00   7.4000000e+01   1.4000000e+00   1.0000000e+00   0.0000000e+00
   1.0000000e+00   7.1000000e+01   0.0000000e+00   1.6200000e+02   8.3236669e+01   0.0000000e+00   8.0000000e+01   1.1000000e+00   1.0000000e+00   0.0000000e+00
   1.0000000e+00   8.0000000e+01   1.0000000e+00   1.8400000e+02   8.7394042e+01   0.0000000e+00   8.6000000e+01   1.2000000e+00   1.0000000e+00   0.0000000e+00
   1.0000000e+00   7.7000000e+01   1.0000000e+00   1.5000000e+02   9.8213314e+01   1.0000000e+00   1.0200000e+02   4.4000000e+00   1.0000000e+00   1.0000000e+00
   1.0000000e+00   6.6000000e+01   0.0000000e+00   2.0000000e+02   8.8329009e+01   1.0000000e+00   9.0000000e+01   1.9000000e+00   2.0000000e+00   1.0000000e+00
   1.0000000e+00   5.0000000e+01   0.0000000e+00   1.2400000e+02   8.2737725e+01   1.0000000e+00   8.1000000e+01   1.0000000e+00   1.0000000e+00   0.0000000e+00
   1.0000000e+00   5.2000000e+01   0.0000000e+00   1.2300000e+02   1.1034267e+02   1.0000000e+00   1.0800000e+02   1.0000000e+00   1.0000000e+00   0.0000000e+00
   0.0000000e+00   6.5000000e+01   0.0000000e+00   1.2100000e+02   7.1177747e+01   0.0000000e+00   7.0000000e+01   8.0000000e-01   1.0000000e+00   0.0000000e+00
   1.0000000e+00   6.7000000e+01   1.0000000e+00   1.3200000e+02   7.7249422e+01   1.0000000e+00   7.4000000e+01   1.3000000e+00   1.0000000e+00   0.0000000e+00
   1.0000000e+00   5.2000000e+01   0.0000000e+00   1.3200000e+02   9.1560473e+01   0.0000000e+00   9.0000000e+01   1.3000000e+00   1.0000000e+00   0.0000000e+00
   1.0000000e+00   6.4000000e+01   0.0000000e+00   1.6200000e+02   9.8489878e+01   1.0000000e+00   9.5000000e+01   1.0000000e+00   1.0000000e+00   0.0000000e+00
   1.0000000e+00   6.4000000e+01   0.0000000e+00   1.3700000e+02   6.0738399e+01   1.0000000e+00   6.5000000e+01   1.0000000e+00   1.0000000e+00   1.0000000e+00
   0.0000000e+00   8.1000000e+01   0.0000000e+00   1.7000000e+02   7.5940215e+01   1.0000000e+00   8.0000000e+01   1.0000000e+00   1.0000000e+00   1.0000000e+00
   0.0000000e+00   8.6000000e+01   0.0000000e+00   1.5300000e+02   5.9222656e+01   0.0000000e+00   5.7000000e+01   1.2000000e+00   1.0000000e+00   0.0000000e+00
   1.0000000e+00   6.8000000e+01   0.0000000e+00   1.3300000e+02   5.7335858e+01   1.0000000e+00   5.6000000e+01   1.1000000e+00   1.0000000e+00   0.0000000e+00
   1.0000000e+00   6.8000000e+01   0.0000000e+00   1.4800000e+02   8.6384032e+01   1.0000000e+00   8.3000000e+01   1.6000000e+00   1.0000000e+00   0.0000000e+00
   1.0000000e+00   6.4000000e+01   0.0000000e+00   1.4100000e+02   9.4228295e+01   1.0000000e+00   9.7000000e+01   9.0000000e-01   1.0000000e+00   1.0000000e+00
   1.0000000e+00   6.8000000e+01   0.0000000e+00   7.2000000e+01   7.2249748e+01   0.0000000e+00   7.0000000e+01   9.0000000e-01   1.0000000e+00   0.0000000e+00
   1.0000000e+00   6.9000000e+01   0.0000000e+00   1.4200000e+02   7.3015944e+01   1.0000000e+00   7.0000000e+01   1.0000000e+00   1.0000000e+00   0.0000000e+00
   1.0000000e+00   6.4000000e+01   1.0000000e+00   1.4700000e+02   7.5421486e+01   1.0000000e+00   7.9000000e+01   1.1000000e+00   3.0000000e+00   1.0000000e+00
   1.0000000e+00   7.6000000e+01   1.0000000e+00   1.8000000e+02   9.1275966e+01   1.0000000e+00   9.5000000e+01   1.1000000e+00   1.0000000e+00   1.0000000e+00
   1.0000000e+00   5.7000000e+01   0.0000000e+00   1.0200000e+02   7.1317929e+01   1.0000000e+00   6.8000000e+01   1.2000000e+00   1.0000000e+00   0.0000000e+00
   1.0000000e+00   5.1000000e+01   1.0000000e+00   1.2500000e+02   6.5630982e+01   0.0000000e+00   6.2000000e+01   1.2000000e+00   1.0000000e+00   0.0000000e+00
   1.0000000e+00   7.1000000e+01   1.0000000e+00   1.2400000e+02   6.7684114e+01   1.0000000e+00   7.0000000e+01   2.0000000e+00   1.0000000e+00   1.0000000e+00
   1.0000000e+00   7.9000000e+01   0.0000000e+00   1.6300000e+02   6.9866066e+01   1.0000000e+00   6.8000000e+01   1.2000000e+00   1.0000000e+00   0.0000000e+00
   0.0000000e+00   4.9000000e+01   0.0000000e+00   1.0600000e+02   7.5805224e+01   0.0000000e+00   7.5000000e+01   7.0000000e-01   1.0000000e+00   0.0000000e+00
   1.0000000e+00   4.7000000e+01   0.0000000e+00   9.9000000e+01   5.9199703e+01   0.0000000e+00   5.6000000e+01   9.0000000e-01   1.0000000e+00   0.0000000e+00
   1.0000000e+00   6.3000000e+01   0.0000000e+00   1.6600000e+02   7.2537400e+01   1.0000000e+00   7.1000000e+01   1.5000000e+00   1.0000000e+00   0.0000000e+00
   1.0000000e+00   5.7000000e+01   0.0000000e+00   1.0200000e+02   6.5109030e+01   0.0000000e+00   6.4000000e+01   1.2000000e+00   1.0000000e+00   0.0000000e+00
   1.0000000e+00   7.5000000e+01   0.0000000e+00   1.2900000e+02   8.3493520e+01   1.0000000e+00   8.6000000e+01   1.2000000e+00   1.0000000e+00   1.0000000e+00
   1.0000000e+00   7.7000000e+01   0.0000000e+00   1.3600000e+02   4.8459099e+01   0.0000000e+00   5.0000000e+01   1.4000000e+00   2.0000000e+00   1.0000000e+00
   1.0000000e+00   8.2000000e+01   0.0000000e+00   1.4700000e+02   8.1265336e+01   0.0000000e+00   8.0000000e+01   9.0000000e-01   1.0000000e+00   0.0000000e+00
   1.0000000e+00   7.5000000e+01   0.0000000e+00   1.4800000e+02   7.4366655e+01   1.0000000e+00   7.7000000e+01   1.2000000e+00   1.0000000e+00   1.0000000e+00
   1.0000000e+00   5.3000000e+01   0.0000000e+00   9.0000000e+01   6.5401418e+01   0.0000000e+00   6.4000000e+01   1.0000000e+00   1.0000000e+00   0.0000000e+00
   1.0000000e+00   4.5000000e+01   1.0000000e+00   8.8000000e+01   6.2339910e+01   0.0000000e+00   6.1000000e+01   1.2000000e+00   1.0000000e+00   0.0000000e+00
   1.0000000e+00   6.1000000e+01   0.0000000e+00   1.1400000e+02   6.3574326e+01   1.0000000e+00   6.6000000e+01   1.0000000e+00   1.0000000e+00   1.0000000e+00
   0.0000000e+00   5.7000000e+01   1.0000000e+00   1.2000000e+02   7.8596659e+01   1.0000000e+00   7.6000000e+01   1.1000000e+00   1.0000000e+00   0.0000000e+00
   0.0000000e+00   5.3000000e+01   0.0000000e+00   1.2800000e+02   6.3106847e+01   0.0000000e+00   6.2000000e+01   1.0000000e+00   1.0000000e+00   0.0000000e+00
   1.0000000e+00   4.8000000e+01   0.0000000e+00   8.6000000e+01   6.3982742e+01   0.0000000e+00   6.3000000e+01   2.2000000e+00   1.0000000e+00   0.0000000e+00
   1.0000000e+00   5.6000000e+01   0.0000000e+00   1.0900000e+02   7.0963504e+01   1.0000000e+00   7.3000000e+01   1.1000000e+00   2.0000000e+00   1.0000000e+00
   1.0000000e+00   6.8000000e+01   0.0000000e+00   1.4700000e+02   6.1173008e+01   0.0000000e+00   5.8000000e+01   1.3000000e+00   1.0000000e+00   0.0000000e+00
   1.0000000e+00   4.8000000e+01   1.0000000e+00   1.2200000e+02   8.5285226e+01   0.0000000e+00   8.2000000e+01   1.0000000e+00   1.0000000e+00   0.0000000e+00
   1.0000000e+00   4.6000000e+01   0.0000000e+00   8.5000000e+01   1.1220752e+02   0.0000000e+00   1.1500000e+02   1.1000000e+00   3.0000000e+00   1.0000000e+00
   1.0000000e+00   7.3000000e+01   0.0000000e+00   1.4700000e+02   8.1779729e+01   1.0000000e+00   8.6000000e+01   1.1000000e+00   1.0000000e+00   1.0000000e+00
   1.0000000e+00   7.7000000e+01   0.0000000e+00   1.2300000e+02   6.0145256e+01   1.0000000e+00   6.4000000e+01   1.2000000e+00   1.0000000e+00   1.0000000e+00
   0.0000000e+00   6.1000000e+01   0.0000000e+00   1.2200000e+02   5.8411296e+01   0.0000000e+00   5.7000000e+01   8.0000000e-01   2.0000000e+00   0.0000000e+00
   1.0000000e+00   5.1000000e+01   0.0000000e+00   1.1700000e+02   5.5778736e+01   0.0000000e+00   5.3000000e+01   9.0000000e-01   1.0000000e+00   0.0000000e+00
   0.0000000e+00   6.3000000e+01   0.0000000e+00   1.1700000e+02   7.9094003e+01   0.0000000e+00   7.7000000e+01   1.0000000e+00   1.0000000e+00   0.0000000e+00
   0.0000000e+00   7.4000000e+01   0.0000000e+00   1.4000000e+02   5.4343063e+01   0.0000000e+00   5.2000000e+01   1.5000000e+00   1.0000000e+00   0.0000000e+00
   1.0000000e+00   5.1000000e+01   0.0000000e+00   1.1500000e+02   6.4911215e+01   1.0000000e+00   6.4000000e+01   1.0000000e+00   1.0000000e+00   0.0000000e+00
   1.0000000e+00   6.4000000e+01   1.0000000e+00   1.2000000e+02   5.0756123e+01   1.0000000e+00   5.5000000e+01   1.0000000e+00   1.0000000e+00   1.0000000e+00
   1.0000000e+00   4.7000000e+01   0.0000000e+00   9.6000000e+01   6.3289545e+01   0.0000000e+00   6.1000000e+01   1.0000000e+00   1.0000000e+00   0.0000000e+00
   1.0000000e+00   6.4000000e+01   0.0000000e+00   1.8200000e+02   6.8420221e+01   1.0000000e+00   6.5000000e+01   7.0000000e-01   2.0000000e+00   0.0000000e+00
   0.0000000e+00   7.6000000e+01   0.0000000e+00   1.6000000e+02   7.2432421e+01   1.0000000e+00   7.4000000e+01   4.2000000e+00   1.0000000e+00   1.0000000e+00
   1.0000000e+00   6.8000000e+01   0.0000000e+00   1.4000000e+02   4.0328175e+01   1.0000000e+00   4.4000000e+01   1.1000000e+00   1.0000000e+00   1.0000000e+00
   1.0000000e+00   5.1000000e+01   0.0000000e+00   1.1700000e+02   6.3887205e+01   0.0000000e+00   6.2000000e+01   1.0000000e+00   1.0000000e+00   0.0000000e+00
   1.0000000e+00   6.6000000e+01   0.0000000e+00   1.6200000e+02   8.2511400e+01   0.0000000e+00   8.0000000e+01   1.2000000e+00   1.0000000e+00   0.0000000e+00
   1.0000000e+00   5.7000000e+01   0.0000000e+00   1.4000000e+02   8.6650010e+01   0.0000000e+00   8.3000000e+01   1.1000000e+00   1.0000000e+00   0.0000000e+00
   1.0000000e+00   8.0000000e+01   0.0000000e+00   1.1200000e+02   6.5532348e+01   0.0000000e+00   6.7000000e+01   2.0000000e+00   2.0000000e+00   1.0000000e+00
   1.0000000e+00   5.5000000e+01   0.0000000e+00   1.3000000e+02   7.0650446e+01   0.0000000e+00   6.8000000e+01   1.3000000e+00   1.0000000e+00   0.0000000e+00
   1.0000000e+00   7.9000000e+01   0.0000000e+00   1.1800000e+02   7.4858901e+01   0.0000000e+00   7.9000000e+01   1.0000000e+00   1.0000000e+00   1.0000000e+00
   1.0000000e+00   6.2000000e+01   0.0000000e+00   1.1200000e+02   7.1265328e+01   0.0000000e+00   6.8000000e+01   3.3000000e+00   1.0000000e+00   0.0000000e+00
   1.0000000e+00   7.2000000e+01   1.0000000e+00   1.2700000e+02   7.4937631e+01   1.0000000e+00   7.9000000e+01   2.7000000e+00   2.0000000e+00   1.0000000e+00
   0.0000000e+00   7.7000000e+01   1.0000000e+00   1.6900000e+02   7.1068929e+01   0.0000000e+00   6.8000000e+01   9.0000000e-01   1.0000000e+00   0.0000000e+00
   1.0000000e+00   5.4000000e+01   1.0000000e+00   1.1600000e+02   8.1534741e+01   1.0000000e+00   8.4000000e+01   1.0000000e+00   1.0000000e+00   1.0000000e+00
   1.0000000e+00   6.4000000e+01   1.0000000e+00   1.0300000e+02   4.8418702e+01   1.0000000e+00   5.1000000e+01   9.0000000e-01   1.0000000e+00   1.0000000e+00
   1.0000000e+00   8.0000000e+01   0.0000000e+00   1.8800000e+02   6.9959355e+01   1.0000000e+00   7.4000000e+01   2.5000000e+00   1.0000000e+00   1.0000000e+00
   1.0000000e+00   6.7000000e+01   0.0000000e+00   1.0900000e+02   6.2517597e+01   0.0000000e+00   5.9000000e+01   1.2000000e+00   1.0000000e+00   0.0000000e+00
   1.0000000e+00   5.7000000e+01   0.0000000e+00   1.3500000e+02   8.2505985e+01   1.0000000e+00   8.0000000e+01   1.3000000e+00   1.0000000e+00   0.0000000e+00
   1.0000000e+00   5.6000000e+01   1.0000000e+00   1.5200000e+02   8.8521764e+01   0.0000000e+00   8.5000000e+01   1.3000000e+00   3.0000000e+00   0.0000000e+00
   1.0000000e+00   6.4000000e+01   0.0000000e+00   1.2200000e+02   5.4287986e+01   0.0000000e+00   5.2000000e+01   1.0000000e+00   1.0000000e+00   0.0000000e+00
   1.0000000e+00   5.4000000e+01   0.0000000e+00   9.9000000e+01   6.3427271e+01   0.0000000e+00   6.2000000e+01   1.0000000e+00   1.0000000e+00   0.0000000e+00
   1.0000000e+00   7.6000000e+01   0.0000000e+00   1.4000000e+02   7.2555389e+01   1.0000000e+00   7.4000000e+01   1.1000000e+00   1.0000000e+00   1.0000000e+00
   1.0000000e+00   4.9000000e+01   0.0000000e+00   8.2000000e+01   7.6786211e+01   1.0000000e+00   7.4000000e+01   1.1000000e+00   1.0000000e+00   0.0000000e+00
   0.0000000e+00   7.1000000e+01   1.0000000e+00   1.0900000e+02   8.0651230e+01   0.0000000e+00   7.7000000e+01   8.0000000e-01   1.0000000e+00   0.0000000e+00
   0.0000000e+00   7.1000000e+01   0.0000000e+00   1.4400000e+02   7.4904604e+01   1.0000000e+00   7.8000000e+01   8.0000000e-01   1.0000000e+00   1.0000000e+00
   1.0000000e+00   5.8000000e+01   0.0000000e+00   1.5400000e+02   7.2007593e+01   1.0000000e+00   7.0000000e+01   1.3000000e+00   1.0000000e+00   0.0000000e+00
   1.0000000e+00   3.6000000e+01   0.0000000e+00   9.6000000e+01   7.8861210e+01   0.0000000e+00   7.8000000e+01   9.0000000e-01   1.0000000e+00   0.0000000e+00
   0.0000000e+00   4.8000000e+01   0.0000000e+00   1.1200000e+02   8.1411488e+01   0.0000000e+00   8.0000000e+01   9.0000000e-01   1.0000000e+00   0.0000000e+00
   1.0000000e+00   5.8000000e+01   0.0000000e+00   1.2400000e+02   5.3285653e+01   0.0000000e+00   5.2000000e+01   1.4000000e+00   1.0000000e+00   0.0000000e+00
   1.0000000e+00   6.0000000e+01   0.0000000e+00   1.3100000e+02   5.6582031e+01   0.0000000e+00   5.3000000e+01   1.4000000e+00   1.0000000e+00   0.0000000e+00
   1.0000000e+00   7.5000000e+01   0.0000000e+00   1.4000000e+02   7.5192138e+01   1.0000000e+00   7.8000000e+01   1.1500000e+01   1.0000000e+00   1.0000000e+00
   1.0000000e+00   8.8000000e+01   0.0000000e+00   1.5100000e+02   5.4736121e+01   0.0000000e+00   5.2000000e+01   1.0000000e+00   1.0000000e+00   0.0000000e+00
   1.0000000e+00   5.8000000e+01   0.0000000e+00   1.0100000e+02   1.1619684e+02   0.0000000e+00   1.1300000e+02   1.0000000e+00   1.0000000e+00   0.0000000e+00
   1.0000000e+00   6.8000000e+01   0.0000000e+00   1.5200000e+02   7.1930323e+01   0.0000000e+00   7.0000000e+01   1.2000000e+00   1.0000000e+00   0.0000000e+00
   1.0000000e+00   5.5000000e+01   0.0000000e+00   1.3000000e+02   7.6833435e+01   0.0000000e+00   7.5000000e+01   1.3000000e+00   1.0000000e+00   0.0000000e+00
   0.0000000e+00   7.1000000e+01   0.0000000e+00   1.5000000e+02   8.7162628e+01   1.0000000e+00   8.9000000e+01   8.0000000e-01   2.0000000e+00   1.0000000e+00
   1.0000000e+00   6.3000000e+01   0.0000000e+00   1.3200000e+02   6.5423410e+01   1.0000000e+00   6.8000000e+01   1.1000000e+00   1.0000000e+00   1.0000000e+00
   1.0000000e+00   6.5000000e+01   0.0000000e+00   1.5700000e+02   5.7879110e+01   1.0000000e+00   6.1000000e+01   1.2000000e+00   1.0000000e+00   1.0000000e+00
   1.0000000e+00   5.5000000e+01   1.0000000e+00   1.6800000e+02   5.3628214e+01   0.0000000e+00   5.2000000e+01   1.1000000e+00   1.0000000e+00   0.0000000e+00
   0.0000000e+00   5.7000000e+01   1.0000000e+00   1.4200000e+02   6.0874647e+01   1.0000000e+00   6.0000000e+01   8.0000000e-01   1.0000000e+00   0.0000000e+00
   1.0000000e+00   7.5000000e+01   0.0000000e+00   1.3500000e+02   7.9133392e+01   1.0000000e+00   8.3000000e+01   1.1000000e+00   1.0000000e+00   1.0000000e+00
   1.0000000e+00   7.4000000e+01   0.0000000e+00   1.6900000e+02   6.1221985e+01   0.0000000e+00   6.0000000e+01   9.0000000e-01   1.0000000e+00   0.0000000e+00
   0.0000000e+00   8.3000000e+01   0.0000000e+00   1.5000000e+02   6.3074748e+01   1.0000000e+00   6.6000000e+01   8.0000000e-01   1.0000000e+00   1.0000000e+00
   1.0000000e+00   7.1000000e+01   0.0000000e+00   1.1300000e+02   8.4723155e+01   0.0000000e+00   8.2000000e+01   1.3000000e+00   1.0000000e+00   0.0000000e+00
   1.0000000e+00   5.6000000e+01   0.0000000e+00   1.2200000e+02   6.3099875e+01   0.0000000e+00   6.1000000e+01   1.0000000e+00   1.0000000e+00   0.0000000e+00
   1.0000000e+00   6.4000000e+01   0.0000000e+00   9.2000000e+01   6.6868014e+01   0.0000000e+00   6.4000000e+01   1.0000000e+00   1.0000000e+00   0.0000000e+00
   1.0000000e+00   7.4000000e+01   0.0000000e+00   1.6100000e+02   9.1206247e+01   0.0000000e+00   9.0000000e+01   1.0000000e+00   1.0000000e+00   0.0000000e+00
   1.0000000e+00   7.3000000e+01   0.0000000e+00   1.5500000e+02   8.2470040e+01   1.0000000e+00   8.6000000e+01   9.0000000e-01   1.0000000e+00   1.0000000e+00
   1.0000000e+00   5.3000000e+01   1.0000000e+00   1.4200000e+02   7.9641884e+01   1.0000000e+00   7.6000000e+01   1.0000000e+00   1.0000000e+00   0.0000000e+00
   1.0000000e+00   4.2000000e+01   0.0000000e+00   1.1700000e+02   8.9395268e+01   0.0000000e+00   8.7000000e+01   1.0900000e+01   1.0000000e+00   0.0000000e+00
   1.0000000e+00   4.8000000e+01   0.0000000e+00   1.1000000e+02   8.6885740e+01   0.0000000e+00   8.4000000e+01   1.0000000e+00   1.0000000e+00   0.0000000e+00
   1.0000000e+00   6.7000000e+01   0.0000000e+00   1.4500000e+02   4.6979071e+01   1.0000000e+00   4.9000000e+01   2.2000000e+00   1.0000000e+00   1.0000000e+00
   0.0000000e+00   7.1000000e+01   0.0000000e+00   1.8000000e+02   7.9896684e+01   0.0000000e+00   7.8000000e+01   9.0000000e-01   1.0000000e+00   0.0000000e+00
   0.0000000e+00   7.4000000e+01   0.0000000e+00   9.2000000e+01   5.1188222e+01   0.0000000e+00   5.0000000e+01   1.0000000e+00   1.0000000e+00   0.0000000e+00
   1.0000000e+00   4.8000000e+01   0.0000000e+00   1.5200000e+02   6.4482823e+01   1.0000000e+00   6.2000000e+01   1.5000000e+00   1.0000000e+00   0.0000000e+00
   1.0000000e+00   4.9000000e+01   0.0000000e+00   8.2000000e+01   6.2248474e+01   0.0000000e+00   6.0000000e+01   1.0000000e+00   1.0000000e+00   0.0000000e+00
   1.0000000e+00   5.4000000e+01   0.0000000e+00   8.4000000e+01   5.0045630e+01   1.0000000e+00   4.8000000e+01   1.0000000e+00   1.0000000e+00   0.0000000e+00
   1.0000000e+00   6.4000000e+01   0.0000000e+00   1.0200000e+02   5.1365533e+01   0.0000000e+00   5.0000000e+01   1.1000000e+00   1.0000000e+00   0.0000000e+00
   0.0000000e+00   7.5000000e+01   0.0000000e+00   1.6800000e+02   9.0979381e+01   1.0000000e+00   8.8000000e+01   8.0000000e-01   1.0000000e+00   0.0000000e+00
   1.0000000e+00   7.5000000e+01   0.0000000e+00   1.2400000e+02   5.9549050e+01   0.0000000e+00   5.6000000e+01   1.1000000e+00   1.0000000e+00   0.0000000e+00
   1.0000000e+00   6.6000000e+01   0.0000000e+00   1.1400000e+02   7.0597028e+01   0.0000000e+00   6.9000000e+01   9.0000000e-01   1.0000000e+00   0.0000000e+00
   1.0000000e+00   7.3000000e+01   0.0000000e+00   1.7100000e+02   5.8559343e+01   1.0000000e+00   6.0000000e+01   1.1000000e+00   1.0000000e+00   1.0000000e+00
   0.0000000e+00   7.4000000e+01   1.0000000e+00   1.6000000e+02   1.0441539e+02   1.0000000e+00   1.0700000e+02   1.2000000e+00   2.0000000e+00   1.0000000e+00
   1.0000000e+00   6.2000000e+01   0.0000000e+00   1.1000000e+02   6.7777115e+01   0.0000000e+00   6.7000000e+01   1.3000000e+00   1.0000000e+00   0.0000000e+00
   1.0000000e+00   5.9000000e+01   0.0000000e+00   9.5000000e+01   5.6213831e+01   0.0000000e+00   5.3000000e+01   1.3000000e+00   1.0000000e+00   0.0000000e+00
   1.0000000e+00   7.9000000e+01   0.0000000e+00   1.2200000e+02   6.3779259e+01   1.0000000e+00   6.7000000e+01   8.5000000e+00   1.0000000e+00   1.0000000e+00
   1.0000000e+00   7.4000000e+01   0.0000000e+00   1.0900000e+02   4.8080968e+01   1.0000000e+00   5.0000000e+01   1.0000000e+00   1.0000000e+00   1.0000000e+00
   1.0000000e+00   5.5000000e+01   0.0000000e+00   8.5000000e+01   8.5718866e+01   0.0000000e+00   8.5000000e+01   1.3000000e+00   1.0000000e+00   0.0000000e+00
   1.0000000e+00   6.6000000e+01   0.0000000e+00   1.4200000e+02   7.2927925e+01   1.0000000e+00   7.0000000e+01   1.2000000e+00   1.0000000e+00   0.0000000e+00
   0.0000000e+00   6.2000000e+01   0.0000000e+00   1.3000000e+02   9.4021739e+01   0.0000000e+00   9.1000000e+01   9.0000000e-01   1.0000000e+00   0.0000000e+00
   1.0000000e+00   4.2000000e+01   0.0000000e+00   9.0000000e+01   7.8448894e+01   1.0000000e+00   7.7000000e+01   8.0000000e-01   1.0000000e+00   0.0000000e+00
   1.0000000e+00   6.4000000e+01   0.0000000e+00   1.1500000e+02   9.1886059e+01   0.0000000e+00   9.4000000e+01   8.0000000e-01   1.0000000e+00   1.0000000e+00
   0.0000000e+00   7.1000000e+01   1.0000000e+00   1.4700000e+02   6.2621336e+01   0.0000000e+00   6.0000000e+01   9.0000000e-01   2.0000000e+00   0.0000000e+00
   0.0000000e+00   5.1000000e+01   1.0000000e+00   1.1200000e+02   8.1480492e+01   0.0000000e+00   8.0000000e+01   9.0000000e-01   1.0000000e+00   0.0000000e+00
   1.0000000e+00   7.5000000e+01   1.0000000e+00   1.6000000e+02   1.2852179e+02   1.0000000e+00   1.3000000e+02   1.2000000e+00   2.0000000e+00   1.0000000e+00
   1.0000000e+00   6.3000000e+01   0.0000000e+00   1.4900000e+02   5.6032010e+01   0.0000000e+00   5.5000000e+01   8.0000000e-01   1.0000000e+00   0.0000000e+00
   1.0000000e+00   5.6000000e+01   0.0000000e+00   1.1100000e+02   6.2810912e+01   1.0000000e+00   6.0000000e+01   9.0000000e-01   1.0000000e+00   0.0000000e+00
   0.0000000e+00   6.7000000e+01   0.0000000e+00   1.8600000e+02   9.3217097e+01   1.0000000e+00   9.6000000e+01   5.6000000e+00   1.0000000e+00   1.0000000e+00
   1.0000000e+00   5.2000000e+01   0.0000000e+00   1.1700000e+02   7.2264737e+01   0.0000000e+00   7.1000000e+01   1.1000000e+00   1.0000000e+00   0.0000000e+00
   0.0000000e+00   6.6000000e+01   0.0000000e+00   9.5000000e+01   6.6592936e+01   0.0000000e+00   6.3000000e+01   1.0000000e+00   1.0000000e+00   0.0000000e+00
   1.0000000e+00   5.4000000e+01   0.0000000e+00   1.2000000e+02   9.7810520e+01   1.0000000e+00   1.0200000e+02   7.0000000e-01   2.0000000e+00   1.0000000e+00
   1.0000000e+00   7.4000000e+01   0.0000000e+00   2.0200000e+02   1.4997287e+02   1.0000000e+00   1.5300000e+02   1.1000000e+00   3.0000000e+00   1.0000000e+00
   1.0000000e+00   4.9000000e+01   0.0000000e+00   1.5300000e+02   9.5751781e+01   1.0000000e+00   9.3000000e+01   8.0000000e-01   1.0000000e+00   0.0000000e+00
   1.0000000e+00   5.9000000e+01   0.0000000e+00   1.8200000e+02   8.7322278e+01   1.0000000e+00   8.4000000e+01   1.2000000e+00   1.0000000e+00   0.0000000e+00
   1.0000000e+00   7.5000000e+01   0.0000000e+00   1.5200000e+02   5.0795434e+01   1.0000000e+00   5.5000000e+01   1.1000000e+00   1.0000000e+00   1.0000000e+00
   1.0000000e+00   7.2000000e+01   0.0000000e+00   1.2500000e+02   8.6973484e+01   1.0000000e+00   8.9000000e+01   1.3000000e+00   1.0000000e+00   1.0000000e+00
   1.0000000e+00   7.4000000e+01   0.0000000e+00   1.7000000e+02   9.4783856e+01   1.0000000e+00   9.8000000e+01   9.0000000e-01   1.0000000e+00   1.0000000e+00
   1.0000000e+00   5.1000000e+01   0.0000000e+00   1.3200000e+02   5.7712516e+01   1.0000000e+00   5.6000000e+01   1.0000000e+00   1.0000000e+00   0.0000000e+00
   1.0000000e+00   7.7000000e+01   0.0000000e+00   1.1100000e+02   9.5298740e+01   0.0000000e+00   9.8000000e+01   1.3000000e+00   1.0000000e+00   1.0000000e+00
   1.0000000e+00   7.1000000e+01   0.0000000e+00   1.4200000e+02   6.2230854e+01   0.0000000e+00   6.0000000e+01   1.0000000e+00   1.0000000e+00   0.0000000e+00
   0.0000000e+00   6.6000000e+01   0.0000000e+00   1.4200000e+02   9.2234773e+01   0.0000000e+00   9.1000000e+01   1.1000000e+00   1.0000000e+00   0.0000000e+00
   0.0000000e+00   8.3000000e+01   0.0000000e+00   1.5300000e+02   7.4483874e+01   1.0000000e+00   7.8000000e+01   1.1000000e+00   1.0000000e+00   1.0000000e+00
   0.0000000e+00   6.2000000e+01   0.0000000e+00   1.4800000e+02   8.0787342e+01   0.0000000e+00   8.0000000e+01   1.2000000e+00   1.0000000e+00   0.0000000e+00
   1.0000000e+00   5.5000000e+01   0.0000000e+00   1.2100000e+02   5.2744854e+01   1.0000000e+00   5.0000000e+01   1.3000000e+00   1.0000000e+00   0.0000000e+00
   0.0000000e+00   4.4000000e+01   0.0000000e+00   1.0200000e+02   7.5678991e+01   0.0000000e+00   7.3000000e+01   7.0000000e-01   1.0000000e+00   0.0000000e+00
   1.0000000e+00   7.4000000e+01   0.0000000e+00   1.3300000e+02   6.0751935e+01   1.0000000e+00   6.3000000e+01   1.3000000e+00   1.0000000e+00   1.0000000e+00
   0.0000000e+00   6.8000000e+01   0.0000000e+00   1.7200000e+02   8.0198547e+01   1.0000000e+00   7.8000000e+01   1.3000000e+00   1.0000000e+00   0.0000000e+00
   1.0000000e+00   5.9000000e+01   0.0000000e+00   1.1800000e+02   8.5296854e+01   1.0000000e+00   8.2000000e+01   9.0000000e-01   1.0000000e+00   0.0000000e+00
   1.0000000e+00   5.5000000e+01   0.0000000e+00   1.2900000e+02   7.6211770e+01   1.0000000e+00   7.4000000e+01   9.0000000e-01   1.0000000e+00   0.0000000e+00
   0.0000000e+00   6.6000000e+01   0.0000000e+00   1.9000000e+02   1.2632402e+02   1.0000000e+00   1.3000000e+02   5.2000000e+00   3.0000000e+00   1.0000000e+00
   1.0000000e+00   7.4000000e+01   0.0000000e+00   1.4200000e+02   5.1839383e+01   1.0000000e+00   5.6000000e+01   1.6000000e+00   1.0000000e+00   1.0000000e+00
   1.0000000e+00   7.7000000e+01   0.0000000e+00   1.3900000e+02   7.8526062e+01   1.0000000e+00   8.1000000e+01   1.3000000e+00   1.0000000e+00   1.0000000e+00
   1.0000000e+00   8.2000000e+01   0.0000000e+00   1.7000000e+02   7.7764407e+01   1.0000000e+00   8.1000000e+01   1.8000000e+00   1.0000000e+00   1.0000000e+00
   0.0000000e+00   5.4000000e+01   0.0000000e+00   1.1400000e+02   6.4360525e+01   0.0000000e+00   6.1000000e+01   1.9000000e+00   1.0000000e+00   0.0000000e+00
   1.0000000e+00   7.9000000e+01   0.0000000e+00   1.6800000e+02   9.6330837e+01   0.0000000e+00   1.0000000e+02   1.7000000e+00   3.0000000e+00   1.0000000e+00
   0.0000000e+00   7.3000000e+01   0.0000000e+00   2.0000000e+02   7.6637736e+01   1.0000000e+00   7.8000000e+01   8.0000000e-01   2.0000000e+00   1.0000000e+00
   1.0000000e+00   7.0000000e+01   0.0000000e+00   1.5100000e+02   1.0379283e+02   1.0000000e+00   1.0800000e+02   1.5000000e+00   3.0000000e+00   1.0000000e+00
   1.0000000e+00   6.8000000e+01   0.0000000e+00   1.2900000e+02   1.0466725e+02   0.0000000e+00   1.0400000e+02   1.3000000e+00   1.0000000e+00   0.0000000e+00
   1.0000000e+00   5.8000000e+01   0.0000000e+00   1.1200000e+02   1.0553606e+02   1.0000000e+00   1.0900000e+02   1.7000000e+00   3.0000000e+00   1.0000000e+00
   0.0000000e+00   7.9000000e+01   0.0000000e+00   1.4800000e+02   5.2064746e+01   1.0000000e+00   5.5000000e+01   1.0000000e+00   1.0000000e+00   1.0000000e+00
   0.0000000e+00   7.3000000e+01   0.0000000e+00   1.3500000e+02   8.3418008e+01   0.0000000e+00   8.1000000e+01   1.0000000e+00   1.0000000e+00   0.0000000e+00
   1.0000000e+00   4.2000000e+01   1.0000000e+00   1.4600000e+02   7.9476434e+01   0.0000000e+00   7.8000000e+01   1.1000000e+00   1.0000000e+00   0.0000000e+00
   1.0000000e+00   5.4000000e+01   1.0000000e+00   1.3600000e+02   9.1973751e+01   0.0000000e+00   9.0000000e+01   1.2000000e+00   3.0000000e+00   0.0000000e+00
   1.0000000e+00   7.0000000e+01   0.0000000e+00   1.3600000e+02   7.2107952e+01   1.0000000e+00   7.6000000e+01   1.3000000e+00   2.0000000e+00   1.0000000e+00
   1.0000000e+00   6.0000000e+01   0.0000000e+00   1.2000000e+02   6.6951869e+01   0.0000000e+00   6.5000000e+01   1.4000000e+00   1.0000000e+00   0.0000000e+00
   1.0000000e+00   7.4000000e+01   0.0000000e+00   9.9000000e+01   6.2557668e+01   0.0000000e+00   6.6000000e+01   1.3000000e+00   1.0000000e+00   1.0000000e+00
   1.0000000e+00   6.0000000e+01   0.0000000e+00   9.0000000e+01   8.0602461e+01   0.0000000e+00   8.2000000e+01   9.9000000e+00   1.0000000e+00   1.0000000e+00
   1.0000000e+00   8.0000000e+01   0.0000000e+00   1.8200000e+02   1.1221212e+02   1.0000000e+00   1.1400000e+02   3.2000000e+00   1.0000000e+00   1.0000000e+00
   0.0000000e+00   8.5000000e+01   0.0000000e+00   1.3500000e+02   9.7048997e+01   1.0000000e+00   1.0000000e+02   8.0000000e-01   3.0000000e+00   1.0000000e+00
   1.0000000e+00   5.3000000e+01   0.0000000e+00   1.1300000e+02   1.0543618e+02   0.0000000e+00   1.0400000e+02   1.2000000e+00   1.0000000e+00   0.0000000e+00
   1.0000000e+00   7.9000000e+01   1.0000000e+00   1.4100000e+02   1.2525235e+02   1.0000000e+00   1.2700000e+02   1.9000000e+00   3.0000000e+00   1.0000000e+00
   0.0000000e+00   7.1000000e+01   1.0000000e+00   1.1600000e+02   1.3631237e+02   1.0000000e+00   1.3800000e+02   8.0000000e-01   2.0000000e+00   1.0000000e+00
   1.0000000e+00   8.0000000e+01   0.0000000e+00   1.6000000e+02   1.0805030e+02   1.0000000e+00   1.1100000e+02   1.6000000e+00   1.0000000e+00   1.0000000e+00
   1.0000000e+00   6.3000000e+01   0.0000000e+00   2.2100000e+02   1.0963838e+02   1.0000000e+00   1.0600000e+02   5.7000000e+00   1.0000000e+00   0.0000000e+00
   1.0000000e+00   7.0000000e+01   0.0000000e+00   1.5000000e+02   7.6381632e+01   1.0000000e+00   7.8000000e+01   4.7000000e+00   1.0000000e+00   1.0000000e+00
   1.0000000e+00   8.2000000e+01   1.0000000e+00   1.4100000e+02   5.3275014e+01   0.0000000e+00   5.7000000e+01   1.5000000e+00   3.0000000e+00   1.0000000e+00
   1.0000000e+00   8.8000000e+01   0.0000000e+00   1.8000000e+02   9.6889290e+01   1.0000000e+00   9.9000000e+01   1.7000000e+00   1.0000000e+00   1.0000000e+00
   0.0000000e+00   8.5000000e+01   0.0000000e+00   1.3000000e+02   9.2542175e+01   0.0000000e+00   9.6000000e+01   9.0000000e-01   2.0000000e+00   1.0000000e+00
   1.0000000e+00   7.7000000e+01   1.0000000e+00   1.6000000e+02   6.3392836e+01   1.0000000e+00   6.5000000e+01   2.1000000e+00   1.0000000e+00   1.0000000e+00
   1.0000000e+00   6.6000000e+01   0.0000000e+00   8.5000000e+01   5.7530958e+01   1.0000000e+00   6.0000000e+01   3.7000000e+00   1.0000000e+00   1.0000000e+00
   0.0000000e+00   6.3000000e+01   0.0000000e+00   1.3500000e+02   6.4300133e+01   0.0000000e+00   6.2000000e+01   1.5000000e+00   1.0000000e+00   0.0000000e+00
   1.0000000e+00   8.0000000e+01   0.0000000e+00   1.5300000e+02   6.3750231e+01   1.0000000e+00   6.6000000e+01   1.3000000e+00   1.0000000e+00   1.0000000e+00
   0.0000000e+00   8.4000000e+01   0.0000000e+00   1.3300000e+02   7.7916573e+01   1.0000000e+00   8.0000000e+01   2.2000000e+00   1.0000000e+00   1.0000000e+00
   1.0000000e+00   6.8000000e+01   0.0000000e+00   1.2200000e+02   1.0561990e+02   1.0000000e+00   1.0700000e+02   2.0000000e+00   3.0000000e+00   1.0000000e+00
   1.0000000e+00   9.1000000e+01   0.0000000e+00   1.0200000e+02   1.0201339e+02   1.0000000e+00   1.0400000e+02   1.7000000e+00   2.0000000e+00   1.0000000e+00
   0.0000000e+00   6.9000000e+01   0.0000000e+00   1.7100000e+02   1.1799914e+02   0.0000000e+00   1.1700000e+02   1.3000000e+00   1.0000000e+00   0.0000000e+00
   1.0000000e+00   7.6000000e+01   0.0000000e+00   1.2900000e+02   7.9073664e+01   1.0000000e+00   8.2000000e+01   1.2000000e+00   1.0000000e+00   1.0000000e+00
   1.0000000e+00   6.9000000e+01   0.0000000e+00   9.5000000e+01   1.0096008e+02   0.0000000e+00   1.0300000e+02   1.6000000e+00   3.0000000e+00   1.0000000e+00
   1.0000000e+00   5.1000000e+01   1.0000000e+00   1.4000000e+02   8.7259367e+01   1.0000000e+00   9.0000000e+01   1.0000000e+00   3.0000000e+00   1.0000000e+00
   0.0000000e+00   5.7000000e+01   0.0000000e+00   1.2000000e+02   1.1464989e+02   0.0000000e+00   1.1700000e+02   1.0000000e+00   3.0000000e+00   1.0000000e+00
   1.0000000e+00   8.7000000e+01   0.0000000e+00   1.4900000e+02   4.8788823e+01   1.0000000e+00   5.3000000e+01   1.4000000e+00   1.0000000e+00   1.0000000e+00
   1.0000000e+00   7.2000000e+01   0.0000000e+00   1.7300000e+02   6.5806064e+01   1.0000000e+00   6.5000000e+01   1.2000000e+00   1.0000000e+00   0.0000000e+00
